Đang tiến hành tìm kiếm tham số tối ưu với 100 quá trình (trials)...
Min RMSE: 789277.3088

--- THAM SỐ TỐI ƯU CHO LIGHTGBM (TÌM BỞI OPTUNA) ---
learning_rate: 0.062332889634076974
num_leaves: 27
max_depth: 7
feature_fraction: 0.7617459619432299
bagging_fraction: 0.9485448188958289
bagging_freq: 3
min_child_samples: 82
lambda_l1: 7.34826597286939e-08
lambda_l2: 0.003472912533952089